[gd_scene load_steps=9 format=3 uid="uid://ya8xq087y7vr"]

[ext_resource type="Script" uid="uid://dkkolumwlpbxg" path="res://engine/world.gd" id="1_whfdi"]

[sub_resource type="ProceduralSkyMaterial" id="ProceduralSkyMaterial_kc1rd"]
sky_top_color = Color(0, 0.416667, 1, 1)
sky_horizon_color = Color(0.38, 0.721, 1, 1)
sky_curve = 0.0861525
ground_bottom_color = Color(0.18, 0.549, 1, 1)
ground_horizon_color = Color(0.443287, 0.746357, 1, 1)
ground_curve = 0.0386374
sun_angle_max = 34.44

[sub_resource type="Sky" id="Sky_yvawp"]
sky_material = SubResource("ProceduralSkyMaterial_kc1rd")

[sub_resource type="Environment" id="Environment_whfdi"]
resource_local_to_scene = true
background_mode = 2
background_color = Color(0.533333, 0.831373, 1, 1)
background_energy_multiplier = 2.0
sky = SubResource("Sky_yvawp")
ambient_light_color = Color(0.968499, 0.876315, 0.751224, 1)
ambient_light_sky_contribution = 0.0
ambient_light_energy = 1.2
reflected_light_source = 1

[sub_resource type="ProceduralSkyMaterial" id="ProceduralSkyMaterial_8k8av"]
sky_top_color = Color(0, 0.416667, 1, 1)
sky_horizon_color = Color(0.38, 0.721, 1, 1)
sky_curve = 0.0861525
ground_bottom_color = Color(0.18, 0.549, 1, 1)
ground_horizon_color = Color(0.443287, 0.746357, 1, 1)
ground_curve = 0.0386374
sun_angle_max = 34.44

[sub_resource type="Sky" id="Sky_xx667"]
sky_material = SubResource("ProceduralSkyMaterial_8k8av")

[sub_resource type="Environment" id="Environment_8k8av"]
background_mode = 2
background_color = Color(0.533333, 0.831373, 1, 1)
background_energy_multiplier = 2.0
sky = SubResource("Sky_xx667")
ambient_light_color = Color(0.968499, 0.876315, 0.751224, 1)
ambient_light_sky_contribution = 0.0
ambient_light_energy = 1.2
reflected_light_source = 1

[sub_resource type="World3D" id="World3D_8k8av"]
environment = SubResource("Environment_8k8av")

[node name="world" type="Node3D"]
script = ExtResource("1_whfdi")

[node name="map" type="Node3D" parent="."]

[node name="chunk" type="Node3D" parent="."]

[node name="mesh" type="Node3D" parent="chunk"]

[node name="collision" type="StaticBody3D" parent="chunk"]

[node name="WorldEnvironment" type="WorldEnvironment" parent="."]
environment = SubResource("Environment_whfdi")

[node name="DirectionalLight3D" type="DirectionalLight3D" parent="."]
transform = Transform3D(1, 0, 0, 0, 0.49999994, 0.86602545, 0, -0.86602545, 0.49999994, 0, 0, 0)
shadow_enabled = true
directional_shadow_mode = 0
sky_mode = 1

[node name="item3Dimg" type="SubViewport" parent="."]
own_world_3d = true
world_3d = SubResource("World3D_8k8av")
transparent_bg = true
size = Vector2i(64, 64)
render_target_update_mode = 4

[node name="mesh" type="MeshInstance3D" parent="item3Dimg"]
transform = Transform3D(-0.93969244, 0.116977826, -0.32139376, 0, 0.9396931, 0.34202006, 0.3420201, 0.32139394, -0.883022, 0, -0.2, 0)

[node name="cam" type="Camera3D" parent="item3Dimg"]
transform = Transform3D(1, 0, 0, 0, 1, 0, 0, 0, 1, 0, -0.15, 1.2)
projection = 1
current = true
fov = 90.0
size = 1.5
far = 5.0

[node name="DirectionalLight3D" type="DirectionalLight3D" parent="item3Dimg"]
transform = Transform3D(1, 0, 0, 0, 0.8660254, 0.5, 0, -0.5, 0.8660254, 0, 0, 0)
shadow_enabled = true
